-11.5802283639602 5.58812188072885
-4.88381762190361 -0.981681199878867
-5.55052858576235 -0.96439926492118
-5.40344878179488 -1.2975398329742
-11.6560184373386 1.66774773782691
-12.6825276517342 4.58324603037184
-4.9909603355787 0.212249608507947
-4.80642487781551 0.344308621709299
-11.3802975194505 5.22643465319301
-5.56559227488845 -0.84400670073311
-5.21489926597333 -1.44302074291657
-11.5417366534498 1.52799058993576
-4.78915643124546 -2.76487869140734
-5.16095221548676 0.217522820803036
-5.40837361081126 -1.44096742387239
-5.35587528920809 0.478900136805215
-11.2619512575971 4.74114968650469
-10.6752760945883 -0.125422255973865
-10.953940078824 5.40773885150999
-4.91092679728557 0.167029387273342
-5.26601773695416 0.308451929392284
-5.2506973166414 0.823943039043025
-11.3281736929045 5.33089862603497
-9.0445549443694 5.5709094505477
-2.85983315348923 6.58718695631213
-8.18204081144067 5.31194194785503
-10.9858614093716 5.34257662725813
-4.87613103632955 0.0134907651300669
-4.60382469826867 -0.145172656715703
-5.91887972048234 -3.18422767547655
-13.715233123693 -0.949886473440923
-9.89811630709498 11.0287295802713
-2.96877668858148 4.12582332260592
10.4152018555222 -3.64029908560015
11.6370825913786 -4.01523243448845
-4.89297488931473 0.0273414409481419
-11.7840093688081 1.23962389081247
-12.4734026852037 1.50726888674334
-8.88766708938192 6.20128624138536
-12.1805183308712 -2.03289788531086
-12.3589091721558 4.40599362598337
-20.5171028302712 9.28381365461805
-11.4641326323671 0.560098357687759
-5.3244128008934 -1.23187006815888
15.3186931015571 4.89979441158022
24.654427437291 4.99758393817316
-9.90271717685834 10.5557476698057
-20.6753692066692 10.3575658156475
-10.3810978978818 4.6551847878499
-6.08484485805688 -3.52069400044854
-6.56734131260601 -4.92713674566824
-5.25864786302355 -1.19135662675851
-14.7948507053665 0.0017205074117079
-4.44350382457022 -2.61264143396041
-4.92398537952341 0.0695647415682699
-5.29039771677021 -1.30002022803716
-12.3747056448653 1.01906021044503
-11.9625444632929 -2.19254085868969
-11.6546532332644 3.7160886478804
-5.10599626031646 0.187544692403944
-4.38560980028466 -2.30000824082869
-4.65682312543365 -0.203914868098149
1.25232478699127 -4.71487588810606
-4.34795804625563 -1.72166177995662
-8.78767213663699 9.35122339697907
-8.34392015444186 9.24988482492763
-20.5171028302712 9.28381365461805
-11.2725065189584 5.34432084508265
-6.68734308640512 10.9391117997022
-11.6706602927894 5.90459159347287
-5.03745060712362 0.275145898908362
-5.78228187530823 -10.1025451743842
-12.1037808224856 4.16942661377326
-12.6683882434385 4.49170480003683
-4.55881205261017 0.145347497919074
-17.7550063764982 -24.0482313621741
-23.7612453605494 -32.5583545465986
5.25179439140961 4.44743545069545
33.3571911326566 6.70208430778069
27.0337778377566 -4.69827488236991
-13.8020116878594 -0.808797691040963
26.1925642790329 -1.79866303668281
34.6687629831012 -2.63749890159227
7.05804785728186 7.58595604686328
13.9015634932169 10.8598074464551
33.4102734155399 -1.72661359453202
-12.6719580158162 -1.65293390373171
-4.12802151376338 -7.97919337615251
-5.23333537721599 -1.58602188614281
-10.5697911742679 4.48276416441166
-11.6783268007982 4.86540378948152
-4.67436149104666 -4.44471565466435
-10.2465420114721 3.88150272708531
-7.64591869796023 5.14850712649515
-8.29200344829983 6.19169250967134
-23.7612453605494 -32.5583545465986
-13.9056765099657 -0.329270625341695
-9.14670739157031 -0.525275235380378
-9.13000384249094 1.54830762452624
-13.4437215162314 -6.31566724405122
-13.1689645144696 -1.30455374257076
-13.3120089353163 -1.92879667414297
-13.8202290405766 -0.9349315969511
-10.6602017326302 0.738203593101642
-5.27884716820217 -1.80976044259803
-5.91492681207817 -5.259292069464
-4.43297068253827 0.235716778500706
-5.0209395278979 0.0213933876447879
-4.94841377647161 -1.99671199597468
-8.40915929165074 6.12182982739994
-12.931805339164 -4.62984612908906
-13.0870763610024 -4.73576564010275
-5.31582383384275 -2.00860122247121
-13.0213178528225 -1.26180237513513
-8.64434427450155 5.78793438048278
-13.9986515770405 -0.509042041277714
-8.71385598720706 9.69816612606809
24.6187955871687 5.05446681895738
33.2323112317614 6.74933166076723
-4.12517988084848 -1.84110414480691
-3.16574568386083 4.51895974075622
-5.12738997802677 -1.696787609969
-14.1707496643061 -6.49610240725741
-11.7854423158658 1.92820977130372
-11.3919690659536 5.66680525821588
-14.2251928943625 -0.640557447134995
-12.9829698840064 4.73243433991119
-4.13279197019617 -2.45850455604722
33.597707473278 4.40845552017883
-4.96173340057404 -2.0119848861059
-11.8548223468495 4.18956947665976
27.0234800404924 -4.72037941858555
33.4532762282454 6.62798411040595
-13.8184365983751 -0.208025692690314
-19.7421450395189 10.0091244622853
-5.37029682474024 -5.82915352656084
-13.3200227294388 -0.561035086975229
-2.67705438379385 -0.449633678949964
-14.6757612768041 -4.75233967517735
-11.3320625993679 -0.577281629906268
51.4145236770818 -11.897204842573
43.1429807993908 -9.07406445342882
-12.8698884114391 4.55007986855066
-10.7932370545057 5.13308563004462
-11.4992857548156 0.136269392510918
-12.8409402936166 -0.868016928826507
-12.8246817338439 4.72784152835245
33.3928229827789 6.64520142699645
34.8536230883878 -2.70146808884389
26.8986001395972 -4.67313206559899
27.3448124480731 -5.11472672094961
-11.8388160224314 5.19666086206328
-11.744085403231 5.22689616812076
-4.59846317819089 -1.35187211938986
-5.26472939921983 -1.74933596735613
-12.931805339164 -4.62984612908905
34.0277482354488 -1.93000377198682
33.3928229827789 6.64520142699645
33.853552565787 -1.89071174685626
43.4138580668207 -3.44075846753647
-14.2611739178813 -0.17802747505658
-2.344044619772 5.52144922347425
-12.4907989221081 1.53582608482817
-8.81210966161694 6.37334254971908
-2.16283698165626 1.3856010006805
-12.7604585881967 -2.76875685696594
-12.0549746378736 1.50682488070759
-8.82383489218068 6.51609059077442
11.6370825913786 -4.01523243448845
-13.2661649008843 -6.99630417237074
5.25179439140962 4.44743545069545
-2.83011967687512 -4.19325367254787
-20.5171028302712 9.28381365461805
-12.5603423780721 1.83916828109226
18.7256668023182 9.68239690297016
22.97475578035 14.4696182052684
-12.5633020622309 4.59988524616263
-13.7107525951636 -0.833369416556118
-4.76527160281826 -1.97182522899876
-12.1121937710722 4.4197664515371
-3.89823003858308 -3.09561800678987
-3.9918956768582 -2.07641244571546
-15.8375643524498 16.7037148856903
-9.56949450749276 9.89469264648191
-4.67775360782336 -0.362823054138262
-9.42573747974527 0.812447671986733
-8.47928119337323 5.65505209518355
-12.6600785147258 4.41252277068867
-13.2426211308063 -0.824568807779462
-13.8184596641367 -0.327019504844361
-26.2077595010759 -0.441674569719306
-19.7346700745901 -1.02971365176972
23.3531991233412 -9.25578905678663
23.3531991233412 -9.25578905678662
8.7827628122279 -6.71612538781761
8.7827628122279 -6.7161253878176
-12.5237457840108 -7.32124870659725
33.549051236923 4.42140536553597
-12.2837887961575 4.64961580859457
11.6183606898578 -3.98275115790452
42.0615583219481 -2.51377385823971
5.25179439140962 4.44743545069545
-9.70723677573898 3.23950945484933
32.8436098338419 5.15893053153745
18.5810686710437 -6.84718316037361
-10.8207306171031 4.96538867167942
-23.7612453605494 -32.5583545465986
-9.0565036028879 9.78831581253626
-9.68305261317962 3.44978798127209
-13.5521441321077 -0.856563312325901
-13.9422899300583 -0.534543730661768
35.1756606511277 -6.7900175796235
33.979729104906 -1.91817786617231
-23.7612453605494 -32.5583545465986
-17.7550063764982 -24.0482313621741
22.8260502572067 17.7170559650411
19.0943722715237 11.5984794949291
-9.79578997218306 -2.48251202163419
-23.7612453605494 -32.5583545465986
-11.260878241455 4.48350337673219
-13.5895856480241 -1.73105691557697
-11.4228168566787 3.63271580628349
13.4074406334624 0.730689159838128
11.6183606898578 -3.98275115790453
11.6183606898578 -3.98275115790453
-13.3454446036529 -1.5316316947989
-13.9009284843134 -3.51643838952752
-22.2470843907704 2.04422262118254
-12.8212996180686 -0.998136899467581
-13.5001874846013 -0.573178464902281
-23.7612453605494 -32.5583545465986
11.6370825913786 -4.01523243448846
-12.7343765725302 1.97592705049046
-13.9189974472576 -6.01059961894966
-12.931805339164 -4.62984612908906
-13.031119818537 -1.6875407971046
22.8260502572067 17.7170559650411
-13.2630721387453 -0.87485306990943
-19.8564431310721 -1.20160735765689
-13.2459688899425 -1.90005906108315
43.4738382712121 -3.45748030180154
16.8565298590443 -2.54783809033553
-2.09002377769733 11.5824497205556
22.8260502572067 17.7170559650411
11.6183606898578 -3.98275115790453
18.9461450420332 10.9804430449197
33.7452838400467 -1.9041842652444
26.2525444834243 -1.81538487094787
-11.5674638358954 3.68894340651594
28.8829815336908 -13.6823571890603
23.6917530549945 -10.0466538910548
-19.2539689827448 -4.74057573609772
-11.3874797803296 5.05287879053425
-4.19903615231983 -3.62280062017312
-4.38816060182474 -1.34115506637268
-10.4389353685364 4.49020745621001
-10.5181849502709 -0.514232626103807
-10.3122743226409 4.12255367898755
-12.640394867498 4.24044792003008
-7.92638163070542 5.62070007506261
33.8052640444382 -1.92090609950946
-13.678321231368 -3.55653134867233
26.7777496015226 24.1977036818102
26.7777496015226 24.1977036818102
11.6370825913786 -4.01523243448846
11.6183606898578 -3.98275115790452
-11.8609659683011 -17.0207765200179
-12.138804850009 0.947633620042818
-11.6152647155366 3.9444507714103
26.7777496015226 24.1977036818102
24.7915745543711 -8.3050513676198
-11.0742902932488 -0.125486971562657
-17.249755621336 1.12265875301811
11.6370825913786 -4.01523243448846
11.6370825913786 -4.01523243448846
20.4136451769993 -2.79966049614875
-4.13704763636829 -8.39707632897639
-8.03978372957707 5.79898269448012
35.311827341456 -6.43845754966302
35.311827341456 -6.43845754966302
-10.4078810716242 2.62042202054405
33.9276897298978 -1.84309085480654
-4.0450894633333 -3.75542139970049
22.7988197882806 17.6418488163993
22.97475578035 14.4696182052684
6.87818013950811 8.79001056229608
23.3531991233412 -9.25578905678663
8.78278095490928 -6.7164404803161
8.77013967768624 -6.67012104785712
41.7324305039864 -2.44143212540478
32.6037305990327 7.45143537959669
8.78278095490928 -6.7164404803161
6.36185553371011 13.6329161714608
-17.7550063764982 -24.0482313621741
28.8337797251429 -13.560556373189
28.8337797251429 -13.560556373189
-2.49708865808346 -5.16911006806374
-7.45938782303223 -0.199934736549899
8.95315814004982 6.18232423543893
8.7827628122279 -6.71612538781761
8.7827628122279 -6.71612538781761
23.6917530549945 -10.0466538910548
8.7827628122279 -6.7161253878176
8.7827628122279 -6.71612538781761
-27.1188453178153 8.43705333143887
-19.1266595030517 4.80520976100284
18.6552919140402 9.78772712091423
-10.9486962125527 0.655280185964362
28.8829815336908 -13.6823571890603
-19.9233468272787 3.78303808611339
-2.7326711821503 4.96644964888148
23.3264933627794 -9.20889139340338
-11.9121303514742 1.34275960898511
10.8650656618142 6.01184477055102
-7.60874958480214 4.85967405822831
28.8337797251429 -13.560556373189
34.5675314671495 -5.66875300292136
-10.7881212674389 2.82296564500594
34.2331453640064 -17.7832419610821
-34.7469244292965 11.4353696542084
27.2792881878264 19.0304438591097
-8.98115329264555 9.75706721533262
51.4145236770818 -11.897204842573
-2.3889401357758 -5.06960071126037
22.97475578035 14.4696182052684
18.6552919140402 9.78772712091424
-20.3761801123072 0.790043491196285
43.1429807993908 -9.07406445342883
-15.6642309760036 0.470914282058199
-13.8182297970026 9.01699638518155
43.1429807993908 -9.07406445342883
-29.9465533217709 4.06757584061507
13.0261385743017 -4.74235247575962
